3
Name
Population
Refrigerators
33
59
6607 4707 6589 4709 6480 4716 6351 4724 6256 4729 6396 5069 6372 5123 6327 5235 6278 5369 6249 5472 6249 5492 6248 5521 6245 5552 6245 5577 6250 5605 6256 5654 6265 5650 6349 5619 6517 5563 6524 5589 6526 5596 6541 5591 6611 5577 6683 5569 6749 5567 6750 5522 6774 5485 6775 5457 6812 5431 6852 5413 6946 5370 7067 5332 7147 5311 7309 5258 7301 5255 7256 5235 7216 5225 7180 5211 7131 5189 7107 5184 7077 5187 7017 5203 6983 5209 6948 5204 6922 5211 6883 5225 6765 5267 6724 5282 6686 5177 6659 5093 6640 5048 6627 5018 6621 4983 6619 4957 6614 4913 6612 4865 6609 4840 6609 4836 6607 4707
Delmore_Park 1297 1208
83
3910 3826 4023 3870 4104 3902 4279 3962 4486 4033 4539 3982 4689 3834 4866 3665 4874 3658 4943 3590 5087 3449 5212 3309 5300 3219 5376 3120 5451 3089 5634 3131 5843 3173 5878 3187 5885 3189 5907 3188 5936 3194 6024 3211 6027 3153 6031 2968 6033 2925 6042 2742 6046 2554 6047 2525 6050 2363 6042 2374 6009 2431 5959 2480 5909 2514 5852 2535 5664 2574 5508 2601 5454 2618 5414 2630 5524 2788 5483 2817 5316 2934 5314 2935 5306 2941 5184 3027 5175 3033 4932 2981 4577 2906 4324 2853 4288 2830 4212 2844 4109 2863 4092 2866 4069 2871 4039 2876 4020 2880 4022 2900 3955 3057 3950 3069 3935 3103 3930 3116 3860 3268 3659 3157 3576 3111 3560 3113 3373 3147 3272 3165 3265 3174 3258 3186 3239 3150 3104 3535 3278 3601 3300 3369 3338 3343 3367 3366 3411 3379 3439 3402 3570 3571 3629 3679 3643 3707 3655 3733 3658 3734 3725 3759 3910 3826
Delville 3619 2948
19
3048 2837 3116 2950 3180 3047 3239 3150 3264 3126 3301 3089 3378 3031 3432 2990 3426 2879 3421 2783 3421 2772 3418 2714 3416 2670 3413 2655 3153 2601 2906 2548 2888 2544 2918 2617 3048 2837
Denlee 732 691
26
5189 5200 5215 5219 5262 5274 5289 5311 5314 5284 5322 5232 5342 5167 5379 5048 5387 5026 5412 4928 5434 4847 5314 4822 5251 4803 5169 4787 5162 4786 5153 4784 5128 4809 5103 4839 5089 4856 5019 4921 4999 4945 4935 5016 4884 5073 5009 5121 5137 5163 5189 5200
Dikathole_Ext_5 5153 293
53
5685 4106 5686 4110 5689 4121 5696 4130 5710 4135 5740 4137 5754 4118 5783 4071 5810 4024 5812 4015 5845 3898 5847 3891 5848 3885 5879 3764 5910 3640 5920 3599 5940 3531 5949 3501 5952 3481 5966 3422 5998 3295 6008 3257 6024 3211 5936 3194 5907 3188 5885 3189 5881 3205 5766 3249 5767 3264 5768 3270 5731 3405 5726 3421 5723 3435 5703 3511 5623 3538 5614 3541 5600 3539 5463 3588 5430 3721 5480 3731 5494 3731 5510 3724 5581 3700 5601 3724 5615 3754 5586 3864 5532 4073 5527 4094 5542 4095 5555 4096 5591 4099 5600 4099 5685 4106
Dikathole_Ext_9 10226 1290
60
1935 4827 2187 4809 2202 4810 2255 4817 2425 4877 2497 4932 2566 4995 2608 5042 2599 4997 2589 4926 2580 4882 2580 4859 2584 4831 2585 4819 2590 4786 2598 4746 2607 4718 2630 4664 2633 4656 2661 4606 2687 4562 2746 4423 2739 4375 2705 4307 2675 4278 2621 4251 2401 4208 2349 4200 2319 4196 2075 4158 1961 4139 1700 4108 1615 4094 1613 4093 1609 4093 1567 4086 1432 4064 1098 4019 929 4003 821 4025 771 4035 722 4059 620 4127 508 4271 560 4367 474 4440 382 4582 340 4674 431 4673 644 4669 903 4685 938 4693 1029 4756 1214 4891 1295 4870 1438 4852 1451 4852 1741 4835 1898 4830 1935 4827
Driehoek 1404 146
64
5217 4713 5153 4784 5162 4786 5169 4787 5251 4803 5314 4822 5434 4847 5523 4857 5617 4868 5671 4871 5678 4790 5680 4776 5681 4764 5686 4751 5690 4742 5700 4730 5714 4723 5733 4716 5799 4706 5870 4695 5887 4692 6052 4665 6066 4657 6089 4642 6101 4604 6114 4560 6131 4517 6148 4472 6158 4454 6171 4431 6209 4359 6246 4301 6252 4292 6257 4285 6294 4234 6335 4189 6369 4144 6387 4111 6389 4106 6398 4085 6318 4020 6298 4015 6208 4015 6139 4014 6093 4014 5812 4015 5810 4024 5783 4071 5754 4118 5740 4137 5710 4135 5696 4130 5689 4121 5686 4110 5685 4106 5600 4099 5577 4214 5585 4230 5576 4294 5572 4344 5402 4510 5360 4556 5308 4613 5217 4713
Dukathole_Ext_9 3151 237
125
8885 0 8856 31 8835 50 8813 67 8783 89 8700 147 8636 192 8465 314 8267 457 8074 602 8026 636 7981 553 7947 499 7925 468 7891 420 7818 330 7761 291 7748 285 7709 273 7668 257 7662 263 7649 273 7640 284 7623 313 7604 338 7586 358 7576 365 7576 382 7569 396 7555 402 7534 402 7518 399 7498 398 7485 393 7475 397 7464 404 7456 415 7451 424 7445 427 7429 435 7420 453 7411 459 7405 465 7406 473 7376 480 7350 494 7335 517 7331 547 7337 569 7325 572 7311 598 7308 616 7295 671 7288 695 7271 714 7262 732 7258 752 7239 768 7234 782 7228 799 7219 807 7208 822 7208 836 7200 849 7182 868 7173 892 7180 904 7181 914 7171 937 7165 955 7175 977 7168 987 7155 1020 6929 974 6667 922 6629 1076 6636 1087 6890 1203 6923 1218 6999 1254 7061 1272 7133 1278 7153 1280 7206 1287 7213 1284 7220 1281 7362 1295 7457 1327 7603 1387 7716 1449 7734 1414 7766 1363 7788 1319 7808 1273 7823 1218 7833 1156 7836 1073 7989 1076 8039 1076 8544 1083 8762 1086 8995 1090 9445 1096 9436 1042 9449 1029 9482 985 9481 965 9480 908 9527 871 9604 708 9645 634 9646 623 9552 566 9521 530 9489 499 9421 424 9413 428 9406 448 9400 463 9368 473 9318 462 9293 448 9075 209 8927 47 8885 0
East_Rand_Proprietary_Mines 20 7
63
6391 2209 6482 2218 6619 2211 6629 2211 6951 2198 7134 2189 7221 2178 7240 2091 7265 2072 7260 2026 7296 1932 7292 1903 7286 1876 7277 1839 7273 1819 7263 1772 7246 1676 7246 1635 7245 1538 7308 1538 7201 1334 7206 1287 7153 1280 7133 1278 7061 1272 6999 1254 6923 1218 6890 1203 6636 1087 6629 1076 6667 922 6655 919 6389 855 6350 1038 6313 1035 6132 1007 6058 996 5964 979 5928 971 5921 962 5915 947 5909 941 5805 919 5631 881 5607 977 5530 1204 5455 1418 5418 1535 5391 1621 5198 1508 5135 1579 5118 1626 5217 1702 5315 1779 5523 1941 5651 2042 5677 2038 5790 2017 5915 2116 5938 2143 5979 2192 6107 2181 6391 2209
Elsburg 4931 4330
49
5339 962 5337 977 5331 1040 5336 1086 5324 1137 5304 1184 5279 1239 5273 1278 5279 1315 5289 1358 5340 1429 5418 1535 5455 1418 5530 1204 5607 977 5631 881 5805 919 5909 941 5915 947 5921 962 5928 971 5964 979 6058 996 6132 1007 6313 1035 6350 1038 6389 855 6083 780 5696 692 5506 649 5296 605 4917 521 4782 491 4784 576 4784 622 4800 714 4802 730 4842 853 4876 898 4918 812 4937 820 5012 836 5071 849 5121 863 5148 881 5259 990 5296 968 5321 962 5339 962
Estera 1047 881
39
3210 4260 3190 4325 3189 4382 3184 4473 3186 4496 3174 4511 3079 4600 3156 4665 3191 4696 3117 4775 3028 4849 3066 4885 3074 4939 3098 4962 3117 4987 3122 5026 3117 5066 3110 5171 3105 5219 3105 5223 3158 5215 3225 5205 3292 5194 3298 5187 3376 5113 3487 5016 3512 4984 3776 4733 3805 4705 3905 4595 3924 4577 3907 4561 3742 4502 3559 4424 3377 4333 3372 4332 3341 4319 3308 4303 3210 4260
Georgetown 1399 1017
79
3079 4600 2941 4714 2801 4839 2764 4870 2630 5076 2624 5066 2525 5214 2477 5294 2455 5282 2421 5266 2395 5264 2343 5344 2352 5349 2275 5474 2167 5414 2139 5432 2064 5450 2084 5495 2074 5525 1971 5684 2132 5675 2156 5673 2262 5670 2309 5670 2345 5659 2331 5691 2326 5725 2327 5756 2338 5777 2349 5807 2353 5822 2382 5831 2389 5832 2410 5835 2468 5837 2517 5831 2519 5796 2581 5773 2629 5740 2672 5695 2812 5559 2840 5601 2855 5617 2875 5638 2906 5650 2999 5687 3096 5718 3173 5737 3369 5782 3398 5788 3446 5797 3471 5804 3490 5723 3499 5673 3505 5647 3501 5632 3486 5612 3438 5558 3264 5526 3168 5503 3082 5478 3007 5459 2992 5430 3096 5388 3104 5336 3105 5223 3105 5219 3110 5171 3117 5066 3122 5026 3117 4987 3098 4962 3074 4939 3066 4885 3028 4849 3117 4775 3191 4696 3156 4665 3079 4600
Germiston_Central 848 504
34
4489 4701 4463 4713 4397 4728 4373 4733 4224 4769 4233 4800 4234 4804 4241 4837 4263 4908 4275 4947 4312 4971 4316 4971 4346 4987 4401 4995 4557 4991 4593 5017 4657 5016 4732 5025 4801 5044 4884 5073 4935 5016 4999 4945 5019 4921 5089 4856 5103 4839 5128 4809 5153 4784 4965 4750 4851 4730 4590 4729 4574 4728 4541 4725 4511 4714 4489 4701
Germiston_Ext.3 15 3
47
3377 4333 3559 4424 3742 4502 3907 4561 3924 4577 3951 4552 4026 4478 4112 4404 4137 4376 4273 4240 4302 4211 4464 4054 4486 4033 4279 3962 4104 3902 4023 3870 3910 3826 3725 3759 3658 3734 3655 3733 3643 3707 3629 3679 3570 3571 3439 3402 3411 3379 3367 3366 3338 3343 3300 3369 3278 3601 3104 3535 3065 3647 3064 3649 3007 3777 2970 3877 2923 3980 2856 4148 2828 4217 2813 4254 3006 4292 3148 4319 3178 4325 3190 4325 3210 4260 3308 4303 3341 4319 3372 4332 3377 4333
Germiston_South 3946 2974
65
3799 4981 3707 4994 3570 5014 3512 4984 3487 5016 3376 5113 3298 5187 3292 5194 3225 5205 3158 5215 3105 5223 3104 5336 3096 5388 2992 5430 3007 5459 3082 5478 3168 5503 3264 5526 3438 5558 3486 5612 3501 5632 3505 5647 3499 5673 3490 5723 3471 5804 3521 5812 3650 5839 3756 5855 3899 5871 4094 5897 4135 5915 4174 5936 4191 5935 4222 5778 4243 5703 4329 5701 4355 5703 4355 5628 4361 5524 4367 5419 4367 5403 4373 5403 4378 5403 4394 5404 4402 5384 4544 5356 4577 5295 4666 5275 4732 5239 4794 5178 4834 5133 4884 5073 4801 5044 4732 5025 4657 5016 4593 5017 4557 4991 4401 4995 4346 4987 4388 5011 4337 5018 4128 5045 3961 5073 3820 5086 3799 4981
Germiston_Station 110 6
33
2813 4254 2808 4266 2755 4402 2746 4423 2687 4562 2661 4606 2633 4656 2630 4664 2607 4718 2598 4746 2590 4786 2585 4819 2584 4831 2580 4859 2580 4882 2589 4926 2599 4997 2608 5042 2624 5066 2630 5076 2764 4870 2801 4839 2941 4714 3079 4600 3174 4511 3186 4496 3184 4473 3189 4382 3190 4325 3178 4325 3148 4319 3006 4292 2813 4254
Germiston_West 1822 1514
32
4564 1638 4595 1648 4614 1631 4630 1629 4729 1630 5086 1629 5118 1626 5135 1579 5198 1508 5176 1490 5035 1372 4925 1283 4867 1227 4842 1208 4723 1117 4643 1049 4582 1000 4575 994 4552 1019 4539 1028 4532 1028 4441 954 4411 933 4274 1072 4332 1113 4254 1295 4241 1326 4162 1515 4192 1524 4361 1575 4482 1609 4564 1638
Hazeldene 1076 976
28
3765 706 3670 823 3634 864 3589 916 3560 951 3473 1055 3427 1141 3388 1192 3371 1260 3371 1280 3449 1298 3454 1300 3473 1305 3478 1306 3506 1315 3646 1358 3791 1402 3803 1406 4043 1479 4162 1515 4241 1326 4254 1295 4332 1113 4274 1072 4239 1046 4127 965 3922 818 3765 706
Hazelpark 994 809
73
4489 4701 4511 4714 4541 4725 4574 4728 4590 4729 4851 4730 4965 4750 5153 4784 5217 4713 5308 4613 5360 4556 5402 4510 5572 4344 5576 4294 5585 4230 5577 4214 5600 4099 5591 4099 5555 4096 5542 4095 5527 4094 5532 4073 5586 3864 5615 3754 5601 3724 5581 3700 5510 3724 5494 3731 5480 3731 5430 3721 5463 3588 5600 3539 5614 3541 5623 3538 5703 3511 5723 3435 5726 3421 5731 3405 5768 3270 5767 3264 5766 3249 5881 3205 5885 3189 5878 3187 5843 3173 5634 3131 5451 3089 5376 3120 5300 3219 5212 3309 5087 3449 4943 3590 4874 3658 4866 3665 4689 3834 4539 3982 4486 4033 4464 4054 4302 4211 4273 4240 4137 4376 4112 4404 4203 4476 4180 4502 4170 4543 4174 4603 4207 4709 4221 4759 4224 4769 4373 4733 4397 4728 4463 4713 4489 4701
Industries_East 694 206
50
3990 2782 4017 2851 4020 2880 4039 2876 4069 2871 4092 2866 4109 2863 4212 2844 4288 2830 4324 2853 4577 2906 4932 2981 5175 3033 5184 3027 5306 2941 5314 2935 5316 2934 5483 2817 5524 2788 5414 2630 5278 2642 5178 2661 5169 2662 5059 2683 4956 2657 4706 2598 4492 2546 4388 2522 4209 2478 4140 2461 4130 2440 4090 2431 3876 2380 3727 2347 3584 2316 3568 2310 3544 2302 3350 2254 3036 2172 3033 2178 2904 2435 2884 2506 2888 2544 2906 2548 3153 2601 3413 2655 3603 2693 3746 2727 3870 2758 3990 2782
Klippoortje_North 1298 1027
57
4180 2392 4347 2358 4908 2254 4892 2185 4995 2165 5031 2158 5066 2152 5471 2076 5651 2042 5523 1941 5315 1779 5217 1702 5118 1626 5086 1629 4729 1630 4630 1629 4614 1631 4595 1648 4564 1638 4482 1609 4361 1575 4192 1524 4162 1515 4043 1479 3803 1406 3791 1402 3646 1358 3506 1315 3478 1306 3473 1305 3454 1300 3449 1298 3402 1398 3294 1625 3261 1695 3253 1711 3215 1790 3160 1790 3165 1821 3159 1876 3156 1909 3146 1930 3125 1977 3104 2024 3095 2045 3084 2069 3036 2172 3350 2254 3544 2302 3568 2310 3584 2316 3727 2347 3876 2380 4090 2431 4130 2440 4140 2461 4180 2392
Lambton 2990 2543
62
4575 994 4582 1000 4643 1049 4723 1117 4842 1208 4867 1227 4925 1283 5035 1372 5176 1490 5198 1508 5391 1621 5418 1535 5340 1429 5289 1358 5279 1315 5273 1278 5279 1239 5304 1184 5324 1137 5336 1086 5331 1040 5337 977 5339 962 5321 962 5296 968 5259 990 5148 881 5121 863 5071 849 5012 836 4937 820 4918 812 4876 898 4842 853 4802 730 4800 714 4784 622 4784 576 4782 491 4640 457 4546 440 4510 433 4372 425 4243 441 4207 446 4086 481 3986 528 3958 542 3947 547 3867 607 3840 633 3765 706 3922 818 4127 965 4239 1046 4274 1072 4411 933 4441 954 4532 1028 4539 1028 4552 1019 4575 994
Lambton_Gardens 1320 1123
83
7088 3440 7020 3442 6965 3502 6852 3525 6766 3542 6706 3565 6669 3603 6612 3601 6613 3615 6608 3677 6600 3734 6580 3803 6567 3837 6554 3872 6526 3923 6507 3955 6475 3996 6450 4027 6398 4085 6389 4106 6387 4111 6369 4144 6335 4189 6294 4234 6257 4285 6252 4292 6246 4301 6209 4359 6171 4431 6158 4454 6148 4472 6131 4517 6114 4560 6101 4604 6089 4642 6066 4657 6052 4665 5887 4692 5870 4695 5799 4706 5733 4716 5714 4723 5700 4730 5690 4742 5686 4751 5681 4764 5680 4776 5691 4777 5807 4769 5898 4763 6003 4754 6225 4730 6256 4729 6351 4724 6480 4716 6589 4709 6607 4707 6892 4679 6928 4667 6973 4649 7009 4634 7077 4591 7221 4499 7401 4363 7507 4275 7520 4265 7293 4006 7283 4000 7238 3976 7189 3910 7171 3869 7164 3854 7138 3795 7133 3781 7109 3712 7089 3609 7187 3576 7175 3547 7158 3526 7137 3492 7118 3478 7102 3448 7088 3440
NONE 6 0
37
5169 2662 5178 2661 5278 2642 5414 2630 5454 2618 5508 2601 5664 2574 5852 2535 5909 2514 5959 2480 6009 2431 6042 2374 6050 2363 5987 2343 5996 2276 5979 2192 5938 2143 5915 2116 5790 2017 5677 2038 5651 2042 5471 2076 5066 2152 5031 2158 4995 2165 4892 2185 4908 2254 4347 2358 4180 2392 4140 2461 4209 2478 4388 2522 4492 2546 4706 2598 4956 2657 5059 2683 5169 2662
Parkhill_Gardens 1227 1001
32
4112 4404 4026 4478 3951 4552 3924 4577 3905 4595 3805 4705 3776 4733 3512 4984 3570 5014 3707 4994 3799 4981 3820 5086 3961 5073 4128 5045 4337 5018 4388 5011 4346 4987 4316 4971 4312 4971 4275 4947 4263 4908 4241 4837 4234 4804 4233 4800 4224 4769 4221 4759 4207 4709 4174 4603 4170 4543 4180 4502 4203 4476 4112 4404
Pirowville 617 280
150
7724 3575 7773 3579 7777 3579 7821 3595 7865 3622 7865 3482 7863 3403 7863 3393 7861 3292 7861 3271 7859 3162 7859 3143 7859 3139 7857 2959 7855 2857 7854 2836 7854 2804 7852 2734 7848 2650 7846 2606 7840 2505 7840 2484 7840 2246 7839 2170 7837 2033 7836 1963 7836 1866 7836 1708 7823 1555 7815 1543 7795 1506 7745 1468 7728 1455 7716 1449 7603 1387 7457 1327 7362 1295 7220 1281 7213 1284 7206 1287 7201 1334 7308 1538 7245 1538 7246 1635 7246 1676 7263 1772 7273 1819 7277 1839 7286 1876 7292 1903 7296 1932 7260 2026 7265 2072 7240 2091 7221 2178 7226 2187 7223 2213 7219 2230 7208 2258 7206 2264 7203 2273 7196 2279 7191 2285 7182 2294 7173 2302 7166 2307 7157 2310 7150 2312 7136 2312 7125 2311 7115 2310 7104 2312 7097 2319 7083 2325 7076 2328 7057 2333 7045 2332 7035 2329 7024 2324 7016 2329 7015 2341 7018 2372 7031 2388 7025 2404 7022 2431 7030 2445 7050 2455 7072 2462 7088 2503 7129 2557 7150 2590 7157 2606 7115 2633 7056 2677 7029 2697 6993 2722 6947 2752 6922 2785 6912 2831 6911 2840 6900 2849 6894 2860 6890 2877 6899 2893 6896 2918 6901 2946 6902 2952 6910 2990 6918 3023 6932 3082 6935 3112 6924 3144 6896 3166 6879 3198 6803 3218 6757 3317 6744 3344 6730 3350 6648 3332 6630 3349 6572 3342 6579 3360 6595 3448 6607 3522 6612 3601 6669 3603 6706 3565 6766 3542 6852 3525 6965 3502 7020 3442 7088 3440 7102 3448 7118 3478 7137 3492 7212 3509 7229 3511 7252 3520 7298 3531 7314 3535 7377 3532 7401 3526 7452 3514 7455 3515 7502 3530 7608 3553 7650 3561 7681 3569 7696 3573 7724 3575
Ramaphosa_Ext_1 13195 1820
90
1438 963 1204 1039 1105 1046 992 1050 777 1039 628 1092 391 1236 298 1293 130 1406 73 1451 0 1508 238 1770 266 1805 361 1919 397 2014 381 2117 318 2273 299 2363 314 2421 382 2529 574 2706 1095 2325 1209 2467 1324 2609 1355 2638 1387 2667 1404 2673 1448 2691 1499 2699 1601 2703 1697 2704 1784 2690 1835 2667 1852 2654 1866 2643 1884 2616 1904 2592 1924 2558 1934 2525 1937 2515 1943 2497 1956 2449 1964 2444 2004 2415 2044 2392 2060 2385 2083 2375 2094 2375 2106 2374 2146 2414 2161 2439 2193 2444 2739 2522 2768 2525 2810 2532 2872 2541 2888 2544 2884 2506 2904 2435 3033 2178 3036 2172 3084 2069 3095 2045 3104 2024 3125 1977 3146 1930 3156 1909 3159 1876 3165 1821 3160 1790 3151 1735 3139 1704 3005 1343 2944 1164 2931 1163 2828 1157 2770 1240 2603 1311 2492 1303 2401 1298 2381 1318 2290 1323 2106 1288 1921 1254 1812 1168 1720 1041 1593 1006 1582 1003 1455 967 1438 963
Rand_Airport 30 23
42
6024 3211 6008 3257 5998 3295 5966 3422 5952 3481 5949 3501 5940 3531 5920 3599 5910 3640 5879 3764 5848 3885 5847 3891 5845 3898 5812 4015 6093 4014 6139 4014 6208 4015 6298 4015 6318 4020 6398 4085 6450 4027 6475 3996 6507 3955 6526 3923 6554 3872 6567 3837 6580 3803 6600 3734 6608 3677 6613 3615 6612 3601 6607 3522 6595 3448 6579 3360 6572 3342 6553 3298 6546 3284 6491 3299 6457 3301 6427 3298 6257 3262 6024 3211
South_Germiston_Ext_7 23 10
85
1095 2325 574 2706 579 2711 584 2716 694 2816 783 2901 912 3022 1114 3227 1121 3236 1320 3502 1377 3650 1406 3722 1434 3785 1454 3896 1466 3955 1494 4003 1530 4043 1580 4073 1592 4080 1609 4093 1613 4093 1615 4094 1700 4108 1961 4139 2075 4158 2319 4196 2349 4200 2401 4208 2621 4251 2675 4278 2705 4307 2739 4375 2746 4423 2755 4402 2808 4266 2813 4254 2828 4217 2856 4148 2923 3980 2970 3877 3007 3777 3064 3649 3065 3647 3104 3535 3239 3150 3180 3047 3116 2950 3048 2837 2918 2617 2888 2544 2872 2541 2810 2532 2768 2525 2739 2522 2193 2444 2161 2439 2146 2414 2106 2374 2094 2375 2083 2375 2060 2385 2044 2392 2004 2415 1964 2444 1956 2449 1943 2497 1937 2515 1934 2525 1924 2558 1904 2592 1884 2616 1866 2643 1852 2654 1835 2667 1784 2690 1697 2704 1601 2703 1499 2699 1448 2691 1404 2673 1387 2667 1355 2638 1324 2609 1209 2467 1095 2325
South_Germiston_Exts 114 76
92
7221 2178 7134 2189 6951 2198 6629 2211 6619 2211 6482 2218 6391 2209 6107 2181 5979 2192 5996 2276 5987 2343 6050 2363 6047 2525 6046 2554 6042 2742 6033 2925 6031 2968 6027 3153 6024 3211 6257 3262 6427 3298 6457 3301 6491 3299 6546 3284 6553 3298 6572 3342 6630 3349 6648 3332 6730 3350 6744 3344 6757 3317 6803 3218 6879 3198 6896 3166 6924 3144 6935 3112 6932 3082 6918 3023 6910 2990 6902 2952 6901 2946 6896 2918 6899 2893 6890 2877 6894 2860 6900 2849 6911 2840 6912 2831 6922 2785 6947 2752 6993 2722 7029 2697 7056 2677 7115 2633 7157 2606 7150 2590 7129 2557 7088 2503 7072 2462 7050 2455 7030 2445 7022 2431 7025 2404 7031 2388 7018 2372 7015 2341 7016 2329 7024 2324 7035 2329 7045 2332 7057 2333 7076 2328 7083 2325 7097 2319 7104 2312 7115 2310 7125 2311 7136 2312 7150 2312 7157 2310 7166 2307 7173 2302 7182 2294 7191 2285 7196 2279 7203 2273 7206 2264 7208 2258 7219 2230 7223 2213 7226 2187 7221 2178
Tedstoneville 2886 2591
79
2931 1163 2944 1164 3005 1343 3139 1704 3151 1735 3160 1790 3215 1790 3253 1711 3261 1695 3294 1625 3402 1398 3449 1298 3371 1280 3371 1260 3388 1192 3427 1141 3473 1055 3560 951 3589 916 3634 864 3626 864 3587 863 3561 876 3531 888 3508 888 3389 889 3303 889 2841 890 2781 903 2764 878 2690 770 2675 747 2661 717 2654 682 2647 653 2647 616 2650 588 2655 565 2663 543 2672 522 2728 394 2731 387 2715 386 2635 376 2467 358 2288 338 2134 320 1965 300 1791 278 1716 270 1695 402 1686 460 1626 471 1379 487 1183 423 1020 405 989 636 1053 643 1107 649 1069 955 1247 917 1290 920 1328 928 1438 963 1455 967 1582 1003 1593 1006 1720 1041 1812 1168 1921 1254 2106 1288 2290 1323 2381 1318 2401 1298 2492 1303 2603 1311 2770 1240 2828 1157 2931 1163
Union_Ext 1574 1334
31
3413 2655 3416 2670 3418 2714 3421 2772 3421 2783 3426 2879 3432 2990 3378 3031 3301 3089 3264 3126 3239 3150 3258 3186 3265 3174 3272 3165 3373 3147 3560 3113 3576 3111 3659 3157 3860 3268 3930 3116 3935 3103 3950 3069 3955 3057 4022 2900 4020 2880 4017 2851 3990 2782 3870 2758 3746 2727 3603 2693 3413 2655
Webber 367 273
222
6828 5567 6831 5615 6832 5663 6851 5726 6867 5780 6927 5819 6938 5930 6914 5955 6929 5987 6939 6005 6955 6008 6971 6011 7029 6003 7081 5994 7126 6020 7189 6065 7204 6103 7259 6118 7272 6121 7342 6118 7414 6086 7593 5968 7607 5977 7587 5996 7572 6031 7563 6053 7538 6089 7534 6115 7554 6182 7550 6222 7538 6266 7537 6290 7501 6297 7491 6299 7486 6296 7476 6291 7469 6286 7465 6290 7460 6289 7459 6293 7450 6287 7440 6285 7440 6281 7434 6264 7417 6237 7403 6218 7396 6213 7393 6208 7388 6203 7378 6199 7359 6188 7351 6184 7336 6175 7322 6175 7311 6175 7290 6166 7286 6171 7285 6178 7284 6189 7288 6198 7287 6203 7289 6209 7294 6216 7294 6222 7295 6228 7295 6238 7285 6245 7278 6249 7269 6252 7259 6261 7246 6270 7236 6278 7229 6282 7219 6295 7207 6311 7202 6327 7197 6343 7191 6356 7183 6362 7147 6371 7097 6380 7069 6387 7051 6396 7032 6402 7013 6403 6992 6405 6981 6415 6968 6428 6971 6440 6967 6465 6949 6498 6928 6541 6923 6569 6913 6665 6909 6739 6942 6746 7009 6745 7041 6740 7054 6738 7094 6726 7235 6684 7315 6655 7402 6626 7505 6592 7538 6581 7593 6565 7615 6558 7686 6538 7727 6535 7786 6531 7804 6530 7846 6527 7874 6520 7903 6512 7926 6502 7959 6484 8024 6450 8107 6408 8176 6384 8199 6378 8149 6342 8166 6330 8171 6318 8171 6303 8145 6258 8137 6245 8118 6214 8083 6156 8067 6121 8062 6105 8056 6042 8055 6003 8054 5992 8049 5952 8038 5909 8023 5884 7962 5844 7902 5798 7977 5756 7923 5696 7829 5747 7756 5766 7723 5770 7689 5773 7626 5761 7538 5739 7461 5718 7468 5702 7491 5694 7517 5693 7517 5676 7507 5641 7505 5617 7495 5584 7486 5556 7470 5495 7478 5422 7489 5414 7497 5419 7506 5409 7514 5400 7521 5396 7531 5395 7538 5398 7550 5407 7555 5393 7565 5381 7579 5371 7588 5371 7543 5301 7450 5171 7432 5171 7411 5152 7293 5000 7269 4968 7247 4944 7242 4913 7238 4863 7245 4839 7230 4815 7151 4699 7077 4591 7009 4634 6973 4649 6928 4667 6892 4679 6607 4707 6609 4836 6609 4840 6612 4865 6614 4913 6619 4957 6621 4983 6627 5018 6640 5048 6659 5093 6686 5177 6724 5282 6765 5267 6883 5225 6922 5211 6948 5204 6983 5209 7017 5203 7077 5187 7107 5184 7131 5189 7180 5211 7216 5225 7256 5235 7301 5255 7309 5258 7147 5311 7067 5332 6946 5370 6852 5413 6812 5431 6775 5457 6774 5485 6750 5522 6749 5567 6828 5567
Wit_Deep_Gold_Mine 0 0
3
1500
